1,33,34,39,40,43,44,45,46
2,55,56,59,60,63,64,67,68
3,47,48,51,52,124,125,131,132
4,111,112,114,115
5
6
7,9,113
8,10,116
9,123,126,130,133
10
11
12,1,5,127,128,129
13,2,6,134,135,136
14
15
16
17,35,91,92,96,97
18
19
20
21,163,164,165,166,167,168,169,170,171,172,173,174
22,19,23,93,94,95
23
24
25,36,151,152,153,154,155,156,157,158,159,160,161,162
26,20,24,98,99,100
27
28
29
30,31,32,41,42,57,58,61,62,65,66,69,70
31,27,28,29,30
32,71,73,78,80
33
34
35,13,15,72,74,75,76,77
36,14,16,79,81,82,83,84
37,85,86,87,88,89,90
38
39
40
41,17
42,18
43,49,50,53,54,138,139,145,146
44,117,118,120,121
45
46
47,11,119
48,12,122
49,137,140,144,147
50
51
52,3,7,141,142,143
53,4,8,148,149,150
54
55
56
57,37,101,102,106,107
58
59
60
61,187,188,189,190,191,192,193,194,195,196,197,198
62,21,25,103,104,105
63
64
65,38,175,176,177,178,179,180,181,182,183,184,185,186
66,22,26,108,109,110
67
68
69
70
71
72
73
74