1,40,41,42,43,46,47,69,70,81,82,88,92,93,94,95,104,105,110
2,32,33,34,35,36,37,38,39
3,11,12,15,16,51,61,62
4,17,20,23,26,29
5
6
7
8
9,13,14,18,21,24,27,30
10
11
12
13
14
15,19,22,25,28,31
16
17
18
19
20,48,49,50,52,53,54,55,56,57,58,59,60,63,64
21
22
23
24
25
26
27
28
29,PusherLift,75,76,77,78,96,97,98,99,100,101,102,103
30,44,45
31
32,71,72
33,3,4,90,91,106,107,108,109
34
35
36,1
37,2
38,79,80,83,84,85,86,87,89
39
40
41
42
43
44,8,9
45,111,114,115
46,5,6,65,66,67,68,73,74
47
48
49
50
51
52
53,7,112,113,118,119,120,121
54
55
56
57
58,148
59,10,116,117,122,123
60
61
62
63
64
65,ClampDrill,124,125,128,129,130,131,134,135,154,156,158,159,167,169
66,160,161,162,163,164,165,166
67,144
68,143
69,146
70
71
72,157
73
74,155
75,132,133,136,137,138,139,149,151,152,153
76
77
78,140,142
79,126,127
80,Tester,147,150
81,141
82,170,171
83
84,145,168
85,174,175,176,177,191,192,193,194,197,198,199,200,201,202
86,172,173,178,179,180,181,182,183,184,185,186
87
88
89
90
91
92
93,187,189
94
95
96,188,190,195,196
97
98
99
100
101
102
103